Sref = 11.114691 
Cref = 1.481959 
Bref = 7.500000 
X_cg = 4.521099 
Y_cg = -0.000000 
Z_cg = -0.223591 
Mach = 0.000000 
AoA = 0.000000, 0.512821, 1.025641, 1.538462, 2.051282, 2.564103, 3.076923, 3.589744, 4.102564, 4.615385, 5.128205, 5.641026, 6.153846, 6.666667, 7.179487, 7.692308, 8.205128, 8.717949, 9.230769, 9.743590, 10.256410, 10.769231, 11.282051, 11.794872, 12.307692, 12.820513, 13.333333, 13.846154, 14.358974, 14.871795, 15.384615, 15.897436, 16.410256, 16.923077, 17.435897, 17.948718, 18.461538, 18.974359, 19.487179, 20.000000 
Beta = 0.000000 
Vinf = 100.000000 
Rho = 0.002377 
ReCref = 90000.000000 
ClMax = -1.000000 
MaxTurningAngle = -1.000000 
Symmetry = NO 
FarDist = -1.000000 
NumWakeNodes = 64 
WakeIters = 5 
NumberOfControlGroups = 0 
Preconditioner = Matrix 
Karman-Tsien Correction = N 
Stability Type = 0 
